;0;17;7;0;12;7;0;0;0;6;0;0;17;7;0;12;7;0;0;0;5;0;0;11;7;0;7;7;0;0;0;5;0;0;3;0;0;0;0;0;0;0;1;0;0
        D
        Nemecko
        
          0
          255
          0
          255
        
        
          0
          0
          0
          255
        
      
        U
        Ukrajina
        
          127
          127
          255
          255
        
        
          0
          0
          0
          255
        
      
        E
        Spanelsko
        
          127
          127
          0
          255
        
        
          0
          0
          0
          255
        
      
        T
        Turecko
        
          170
          223
          85
          255
        
        
          0
          0
          0
          255
        
      
        F
        Francie
        
          255
          255
          0
          255
        
        
          0
          0
          0
          255
        
      
        G
        Britanie
        
          127
          0
          127
          255
        
        
          250
          250
          250
          255
        
      
        S
        Skandinavie
        
          0
          127
          127
          255
        
        
          0
          0
          0
          255
        
      
        B
        Pobalti
        
          255
          127
          71
          255
        
        
          0
          0
          0
          255
        
      
        R
        Rusko
        
          255
          0
          0
          255
        
        
          0
          0
          0
          255
        
      
        Y
        Jugoslavie
        
          0
          0
          255
          255
        
        
          250
          250
          250
          255
        
      
        I
        Italie
        
          255
          0
          255
          255
        
        
          0
          0
          0
          255
        
      