;1;6;5;3;3;6;5;4;3;2;4;4;3;4;4;4;2;6;5;3;3;6;5;4;3;2;4;4;3;4;4;4;2;0;4;3;2;3;3;2;2;0;2;2;2;2;0;2;2;1;2;2;0;1;3;1;2;1;1;3;1;1;1;0;2
        D
        Indonesie
        
          0
          36
          128
          255
        
        
          250
          250
          250
          255
        
      
        E
        Evropa
        
          248
          84
          248
          255
        
        
          0
          0
          0
          255
        
      
        G
        Egypt
        
          0
          252
          248
          255
        
        
          0
          0
          0
          255
        
      
        A
        Arabie
        
          248
          252
          80
          255
        
        
          0
          0
          0
          255
        
      
        B
        Brazilie
        
          0
          168
          0
          255
        
        
          0
          0
          0
          255
        
      
        C
        Cina
        
          120
          0
          120
          255
        
        
          250
          250
          250
          255
        
      
        L
        Alzir
        
          80
          252
          80
          255
        
        
          0
          0
          0
          255
        
      
        N
        Argentina
        
          0
          0
          252
          255
        
        
          250
          250
          250
          255
        
      
        O
        Kolumbie
        
          168
          0
          168
          255
        
        
          250
          250
          250
          255
        
      
        I
        Indie
        
          148
          148
          248
          255
        
        
          0
          0
          0
          255
        
      
        J
        JAR
        
          248
          208
          248
          255
        
        
          0
          0
          0
          255
        
      
        K
        Kanada
        
          0
          168
          168
          255
        
        
          0
          0
          0
          255
        
      
        U
        USA
        
          248
          140
          136
          255
        
        
          0
          0
          0
          255
        
      
        T
        Australie
        
          216
          204
          160
          255
        
        
          0
          0
          0
          255
        
      
        S
        Siouxove
        
          136
          104
          0
          255
        
        
          250
          250
          250
          255
        
      
        R
        Rusko
        
          168
          0
          0
          255
        
        
          250
          250
          250
          255
        
      