;1;2;2;2;11;14;2;4;4;9;3;8;1;7;1;4;5;2;2;2;11;13;2;4;4;9;3;8;1;7;1;4;5;0;2;0;8;5;2;2;2;4;2;3;1;0;1;3;3;1;1;5;4;5;2;2;3;2;1;6;1;2;0;0;2
        D
        Indonesie
        
          0
          36
          128
          255
        
        
          255
          255
          255
          255
        
      
        E
        Evropa
        
          248
          84
          248
          255
        
        
          0
          0
          0
          255
        
      
        G
        Argentina
        
          0
          0
          252
          255
        
        
          255
          255
          255
          255
        
      
        A
        Arabie
        
          248
          252
          80
          255
        
        
          0
          0
          0
          255
        
      
        B
        Brazilie
        
          0
          168
          0
          255
        
        
          0
          0
          0
          255
        
      
        L
        Alzir
        
          80
          252
          80
          255
        
        
          0
          0
          0
          255
        
      
        M
        Mongolsko
        
          120
          0
          120
          255
        
        
          255
          255
          255
          255
        
      
        O
        Somalsko
        
          0
          252
          248
          255
        
        
          0
          0
          0
          255
        
      
        I
        Indie
        
          148
          148
          248
          255
        
        
          0
          0
          0
          255
        
      
        K
        Kanada
        
          0
          168
          168
          255
        
        
          0
          0
          0
          255
        
      
        U
        Amerika
        
          248
          140
          136
          255
        
        
          0
          0
          0
          255
        
      
        T
        Aztekove
        
          168
          0
          168
          255
        
        
          255
          255
          255
          255
        
      
        S
        Australie
        
          216
          204
          160
          255
        
        
          0
          0
          0
          255
        
      
        R
        Rusko
        
          168
          0
          0
          255
        
        
          255
          255
          255
          255
        
      
        X
        Siouxove
        
          136
          104
          0
          255
        
        
          255
          255
          255
          255
        
      
        Z
        Zimbabwe
        
          248
          208
          248
          255
        
        
          0
          0
          0
          255
        
      