;0;16;3;9;2;16;15;1;2;5;0;16;3;8;2;16;15;0;1;5;0;3;2;4;1;12;5;0;1;0;0;6;1;4;2;7;7;1;0;3;0
        U
        Amerika
        
          248
          140
          136
          255
        
        
          0
          0
          0
          255
        
      
        A
        Arabie
        
          248
          252
          80
          255
        
        
          0
          0
          0
          255
        
      
        B
        Brazilie
        
          0
          168
          0
          255
        
        
          0
          0
          0
          255
        
      
        C
        Cina
        
          120
          0
          120
          255
        
        
          250
          250
          250
          255
        
      
        R
        Rusko
        
          168
          0
          0
          255
        
        
          250
          250
          250
          255
        
      
        L
        Alzir
        
          80
          252
          80
          255
        
        
          0
          0
          0
          255
        
      
        N
        Argentina
        
          0
          0
          252
          255
        
        
          250
          250
          250
          255
        
      
        I
        Indie
        
          148
          148
          248
          255
        
        
          0
          0
          0
          255
        
      
        J
        JAR
        
          248
          84
          248
          255
        
        
          0
          0
          0
          255
        
      
        K
        Kanada
        
          0
          168
          168
          255
        
        
          0
          0
          0
          255
        
      