;1;6;4;3;6;5;5;4;4;4;2;5;6;4;3;6;5;5;4;4;4;2;5;4;4;1;4;5;0;1;4;4;2;1;2;2;2;0;2;2;0;2;0;1;2
        D
        Nemecko
        
          0
          255
          0
          255
        
        
          0
          0
          0
          255
        
      
        U
        Ukrajina
        
          127
          127
          255
          255
        
        
          0
          0
          0
          255
        
      
        E
        Spanelsko
        
          127
          127
          0
          255
        
        
          0
          0
          0
          255
        
      
        T
        Turecko
        
          170
          223
          85
          255
        
        
          0
          0
          0
          255
        
      
        F
        Francie
        
          255
          255
          0
          255
        
        
          0
          0
          0
          255
        
      
        G
        Britanie
        
          127
          0
          127
          255
        
        
          250
          250
          250
          255
        
      
        S
        Skandinavie
        
          0
          127
          127
          255
        
        
          0
          0
          0
          255
        
      
        B
        Pobalti
        
          255
          127
          71
          255
        
        
          0
          0
          0
          255
        
      
        R
        Rusko
        
          255
          0
          0
          255
        
        
          0
          0
          0
          255
        
      
        Y
        Jugoslavie
        
          0
          0
          255
          255
        
        
          250
          250
          250
          255
        
      
        I
        Italie
        
          255
          0
          255
          255
        
        
          0
          0
          0
          255
        
      