;1;0;0;0;22;18;0;7;0;2;0;9;0;2;0;7;12;0;0;0;20;18;0;7;0;2;0;9;0;2;0;7;12;0;0;0;11;3;0;6;0;0;0;3;0;0;0;2;5;1;0;0;12;7;1;3;0;1;0;1;0;0;0;2;6
        D
        Indonesie
        
          0
          36
          128
          255
        
        
          255
          255
          255
          255
        
      
        E
        Evropa
        
          248
          84
          248
          255
        
        
          0
          0
          0
          255
        
      
        G
        Argentina
        
          0
          0
          252
          255
        
        
          255
          255
          255
          255
        
      
        A
        Arabie
        
          248
          252
          80
          255
        
        
          0
          0
          0
          255
        
      
        B
        Brazilie
        
          0
          168
          0
          255
        
        
          0
          0
          0
          255
        
      
        L
        Alzir
        
          80
          252
          80
          255
        
        
          0
          0
          0
          255
        
      
        M
        Mongolsko
        
          120
          0
          120
          255
        
        
          255
          255
          255
          255
        
      
        O
        Somalsko
        
          0
          252
          248
          255
        
        
          0
          0
          0
          255
        
      
        I
        Indie
        
          148
          148
          248
          255
        
        
          0
          0
          0
          255
        
      
        K
        Kanada
        
          0
          168
          168
          255
        
        
          0
          0
          0
          255
        
      
        U
        Amerika
        
          248
          140
          136
          255
        
        
          0
          0
          0
          255
        
      
        T
        Aztekove
        
          168
          0
          168
          255
        
        
          255
          255
          255
          255
        
      
        S
        Australie
        
          216
          204
          160
          255
        
        
          0
          0
          0
          255
        
      
        R
        Rusko
        
          168
          0
          0
          255
        
        
          255
          255
          255
          255
        
      
        X
        Siouxove
        
          136
          104
          0
          255
        
        
          255
          255
          255
          255
        
      
        Z
        Zimbabwe
        
          248
          208
          248
          255
        
        
          0
          0
          0
          255
        
      