;0;19;0;5;0;22;20;0;0;3;0;19;0;5;0;19;20;0;0;3;0;3;0;2;0;14;7;0;0;0;0;10;0;3;0;9;12;0;0;1;0
        U
        Amerika
        
          248
          140
          136
          255
        
        
          0
          0
          0
          255
        
      
        A
        Arabie
        
          248
          252
          80
          255
        
        
          0
          0
          0
          255
        
      
        B
        Brazilie
        
          0
          168
          0
          255
        
        
          0
          0
          0
          255
        
      
        C
        Cina
        
          120
          0
          120
          255
        
        
          250
          250
          250
          255
        
      
        R
        Rusko
        
          168
          0
          0
          255
        
        
          250
          250
          250
          255
        
      
        L
        Alzir
        
          80
          252
          80
          255
        
        
          0
          0
          0
          255
        
      
        N
        Argentina
        
          0
          0
          252
          255
        
        
          250
          250
          250
          255
        
      
        I
        Indie
        
          148
          148
          248
          255
        
        
          0
          0
          0
          255
        
      
        J
        JAR
        
          248
          84
          248
          255
        
        
          0
          0
          0
          255
        
      
        K
        Kanada
        
          0
          168
          168
          255
        
        
          0
          0
          0
          255
        
      