;1;9;5;1;11;6;7;0;5;5;0;0;9;5;1;11;6;7;0;5;4;0;0;5;5;1;7;5;2;0;5;3;0;0;3;1;0;5;3;1;0;4;1;0;0
        D
        Nemecko
        
          0
          255
          0
          255
        
        
          0
          0
          0
          255
        
      
        U
        Ukrajina
        
          127
          127
          255
          255
        
        
          0
          0
          0
          255
        
      
        E
        Spanelsko
        
          127
          127
          0
          255
        
        
          0
          0
          0
          255
        
      
        T
        Turecko
        
          170
          223
          85
          255
        
        
          0
          0
          0
          255
        
      
        F
        Francie
        
          255
          255
          0
          255
        
        
          0
          0
          0
          255
        
      
        G
        Britanie
        
          127
          0
          127
          255
        
        
          250
          250
          250
          255
        
      
        S
        Skandinavie
        
          0
          127
          127
          255
        
        
          0
          0
          0
          255
        
      
        B
        Pobalti
        
          255
          127
          71
          255
        
        
          0
          0
          0
          255
        
      
        R
        Rusko
        
          255
          0
          0
          255
        
        
          0
          0
          0
          255
        
      
        Y
        Jugoslavie
        
          0
          0
          255
          255
        
        
          250
          250
          250
          255
        
      
        I
        Italie
        
          255
          0
          255
          255
        
        
          0
          0
          0
          255
        
      